815992459
816453438
812286944
816966354
816868832
817256776
817467858
819266191
817677771
817621067
820582867
820506338
820291200
820973378
820850586
820968560
821156144
821156136
821015036
821370677
821279424
821223895
821511017
821511009
821406884
917781805
917781872
917171543
910235147
917726995
907149170
907018750
906993970
907007368
906588359
917771940
913447820
917835204
917835204
913447820
917771940
910230200
913010901
908072813
907850235
907789528
907776078
907409318
907085490
907013856
906596289
906592410
906588880
906588510
906588448
906588413
906588324
906588260
908044003
906588235
906581583
906587999
906580633
906570921
906567165
906573122
906564506
906570530
906562716
906566630
906561892
906563224
906552931
906552664
906551307
